34 1 .0294
34 0 0
34 0 0
34 1 .0294
34 0 0
34 2 .0588
34 1 .0294
34 1 .0294
34 1 .0294
34 0 0
34 1 .0294
34 1 .0294
34 2 .0588
34 1 .0294
34 1 .0294
34 0 0
34 2 .0588
34 1 .0294
34 0 0
34 0 0
-
-
-
-
-
-
-
-
-
45 6 .1333
45 4 .0889
45 6 .1333
45 7 .1556
45 5 .1111
45 3 .0667
45 5 .1111
45 2 .0444
45 5 .1111
45 4 .0889
45 4 .0889
45 5 .1111
45 6 .1333
45 3 .0667
45 6 .1333
45 4 .0889
45 5 .1111
45 5 .1111
45 4 .0889
45 5 .1111
45 6 .1333
45 4 .0889
45 6 .1333
45 8 .1778
45 4 .0889
45 4 .0889
45 5 .1111
45 2 .0444
45 6 .1333
45 4 .0889
45 4 .0889
45 5 .1111
45 5 .1111
45 3 .0667
45 7 .1556
45 3 .0667
45 5 .1111
45 5 .1111
45 4 .0889
45 5 .1111
45 6 .1333
45 4 .0889
45 6 .1333
45 8 .1778
45 4 .0889
45 4 .0889
45 5 .1111
45 2 .0444
45 6 .1333
45 4 .0889
45 4 .0889
45 5 .1111
45 5 .1111
45 3 .0667
45 7 .1556
45 3 .0667
45 5 .1111
45 5 .1111
