0/1/10/2 199 0 1
0/1/10/3 49 60 91
0/1/10/4 192 1 7
0/1/10/5 51 47 102
0/1/10/6 41 122 37
0/1/10/7 39 125 36
0/1/10/8 42 122 36
0/1/10/9 44 59 97
0/1/2/3 49 60 91
0/1/2/4 193 1 6
0/1/2/5 50 48 102
0/1/2/6 41 122 37
0/1/2/7 39 125 36
0/1/2/8 42 122 36
0/1/2/9 44 59 97
0/1/3/4 50 90 60
0/1/3/5 49 61 90
0/1/3/6 29 135 36
0/1/3/7 28 138 34
0/1/3/8 29 135 36
0/1/3/9 166 17 17
0/1/4/5 49 51 100
0/1/4/6 42 122 36
0/1/4/7 40 125 35
0/1/4/8 43 122 35
0/1/4/9 44 60 96
0/1/5/6 27 146 27
0/1/5/7 26 148 26
0/1/5/8 28 146 26
0/1/5/9 49 88 63
0/1/6/7 189 7 4
0/1/6/8 191 4 5
0/1/6/9 33 32 135
0/1/7/8 196 0 4
0/1/7/9 32 30 138
0/1/8/9 33 32 135
0/10/2/3 0 1 199
0/10/2/4 35 29 136
0/10/2/5 1 1 198
0/10/2/6 0 1 199
0/10/2/7 0 1 199
0/10/2/8 0 1 199
0/10/2/9 0 1 199
0/10/3/4 2 195 3
0/10/3/5 49 68 83
0/10/3/6 55 94 51
0/10/3/7 58 91 51
0/10/3/8 56 94 50
0/10/3/9 166 15 19
0/10/4/5 1 5 194
0/10/4/6 3 7 190
0/10/4/7 3 7 190
0/10/4/8 3 7 190
0/10/4/9 2 4 194
0/10/5/6 42 111 47
0/10/5/7 42 109 49
0/10/5/8 43 110 47
0/10/5/9 51 77 72
0/10/6/7 192 3 5
0/10/6/8 194 4 2
0/10/6/9 58 44 98
0/10/7/8 196 4 0
0/10/7/9 61 44 95
0/10/8/9 59 43 98
0/2/3/4 2 196 2
0/2/3/5 50 67 83
0/2/3/6 55 94 51
0/2/3/7 58 91 51
0/2/3/8 56 94 50
0/2/3/9 166 15 19
0/2/4/5 1 5 194
0/2/4/6 3 6 191
0/2/4/7 3 6 191
0/2/4/8 3 6 191
0/2/4/9 2 3 195
0/2/5/6 43 111 46
0/2/5/7 43 109 48
0/2/5/8 44 110 46
0/2/5/9 52 77 71
0/2/6/7 192 3 5
0/2/6/8 194 4 2
0/2/6/9 58 44 98
0/2/7/8 196 4 0
0/2/7/9 61 44 95
0/2/8/9 59 43 98
0/3/4/5 66 51 83
0/3/4/6 96 54 50
0/3/4/7 93 57 50
0/3/4/8 96 55 49
0/3/4/9 14 167 19
0/3/5/6 63 90 47
0/3/5/7 63 90 47
0/3/5/8 65 89 46
0/3/5/9 15 169 16
0/3/6/7 192 5 3
0/3/6/8 195 3 2
0/3/6/9 19 165 16
0/3/7/8 197 1 2
0/3/7/9 20 164 16
0/3/8/9 19 165 16
0/4/5/6 45 111 44
0/4/5/7 45 109 46
0/4/5/8 46 110 44
0/4/5/9 55 76 69
0/4/6/7 192 3 5
0/4/6/8 194 4 2
0/4/6/9 57 42 101
0/4/7/8 196 4 0
0/4/7/9 60 42 98
0/4/8/9 58 41 101
0/5/6/7 194 3 3
0/5/6/8 196 3 1
0/5/6/9 93 44 63
0/5/7/8 198 2 0
0/5/7/9 93 44 63
0/5/8/9 92 43 65
0/6/7/8 143 28 29
0/6/7/9 5 3 192
0/6/8/9 3 2 195
0/7/8/9 1 2 197
1/10/2/3 0 0 200
1/10/2/4 35 29 136
1/10/2/5 1 1 198
1/10/2/6 0 0 200
1/10/2/7 0 0 200
1/10/2/8 0 0 200
1/10/2/9 0 0 200
1/10/3/4 6 192 2
1/10/3/5 88 63 49
1/10/3/6 36 43 121
1/10/3/7 36 41 123
1/10/3/8 36 44 120
1/10/3/9 173 11 16
1/10/4/5 6 4 190
1/10/4/6 4 3 193
1/10/4/7 4 3 193
1/10/4/8 4 3 193
1/10/4/9 5 3 192
1/10/5/6 38 38 124
1/10/5/7 37 37 126
1/10/5/8 38 39 123
1/10/5/9 92 45 63
1/10/6/7 189 5 6
1/10/6/8 190 7 3
1/10/6/9 40 118 42
1/10/7/8 195 5 0
1/10/7/9 40 120 40
1/10/8/9 40 117 43
1/2/3/4 6 192 2
1/2/3/5 88 63 49
1/2/3/6 36 43 121
1/2/3/7 36 41 123
1/2/3/8 36 44 120
1/2/3/9 173 11 16
1/2/4/5 6 4 190
1/2/4/6 4 3 193
1/2/4/7 4 3 193
1/2/4/8 4 3 193
1/2/4/9 5 3 192
1/2/5/6 38 38 124
1/2/5/7 37 37 126
1/2/5/8 38 39 123
1/2/5/9 92 45 63
1/2/6/7 189 5 6
1/2/6/8 190 7 3
1/2/6/9 40 118 42
1/2/7/8 195 5 0
1/2/7/9 40 120 40
1/2/8/9 40 117 43
1/3/4/5 61 89 50
1/3/4/6 45 35 120
1/3/4/7 43 35 122
1/3/4/8 46 35 119
1/3/4/9 10 172 18
1/3/5/6 34 34 132
1/3/5/7 32 33 135
1/3/5/8 35 33 132
1/3/5/9 18 165 17
1/3/6/7 190 4 6
1/3/6/8 192 5 3
1/3/6/9 8 186 6
1/3/7/8 196 4 0
1/3/7/9 8 187 5
1/3/8/9 8 186 6
1/4/5/6 38 40 122
1/4/5/7 37 39 124
1/4/5/8 38 41 121
1/4/5/9 93 45 62
1/4/6/7 189 5 6
1/4/6/8 190 7 3
1/4/6/9 40 116 44
1/4/7/8 195 5 0
1/4/7/9 40 118 42
1/4/8/9 40 115 45
1/5/6/7 189 4 7
1/5/6/8 191 5 4
1/5/6/9 37 132 31
1/5/7/8 196 4 0
1/5/7/9 36 135 29
1/5/8/9 36 132 32
1/6/7/8 143 28 29
1/6/7/9 4 6 190
1/6/8/9 5 3 192
1/7/8/9 4 0 196
10/2/3/4 136 35 29
10/2/3/5 198 1 1
10/2/3/6 200 0 0
10/2/3/7 200 0 0
10/2/3/8 200 0 0
10/2/3/9 200 0 0
10/2/4/5 136 29 35
10/2/4/6 136 29 35
10/2/4/7 136 29 35
10/2/4/8 136 29 35
10/2/4/9 136 29 35
10/2/5/6 198 1 1
10/2/5/7 198 1 1
10/2/5/8 198 1 1
10/2/5/9 198 1 1
10/2/6/7 200 0 0
10/2/6/8 200 0 0
10/2/6/9 200 0 0
10/2/7/8 200 0 0
10/2/7/9 200 0 0
10/2/8/9 200 0 0
10/3/4/5 2 194 4
10/3/4/6 3 191 6
10/3/4/7 3 191 6
10/3/4/8 3 191 6
10/3/4/9 0 198 2
10/3/5/6 51 60 89
10/3/5/7 50 61 89
10/3/5/8 51 58 91
10/3/5/9 20 171 9
10/3/6/7 191 5 4
10/3/6/8 193 2 5
10/3/6/9 18 169 13
10/3/7/8 196 0 4
10/3/7/9 19 168 13
10/3/8/9 18 169 13
10/4/5/6 190 5 5
10/4/5/7 190 5 5
10/4/5/8 190 5 5
10/4/5/9 193 4 3
10/4/6/7 200 0 0
10/4/6/8 200 0 0
10/4/6/9 192 4 4
10/4/7/8 200 0 0
10/4/7/9 192 4 4
10/4/8/9 192 4 4
10/5/6/7 191 5 4
10/5/6/8 193 3 4
10/5/6/9 60 94 46
10/5/7/8 196 1 3
10/5/7/9 61 94 45
10/5/8/9 58 96 46
10/6/7/8 143 28 29
10/6/7/9 5 4 191
10/6/8/9 2 5 193
10/7/8/9 0 4 196
2/3/4/5 2 194 4
2/3/4/6 3 191 6
2/3/4/7 3 191 6
2/3/4/8 3 191 6
2/3/4/9 0 198 2
2/3/5/6 51 60 89
2/3/5/7 50 61 89
2/3/5/8 51 58 91
2/3/5/9 20 171 9
2/3/6/7 191 5 4
2/3/6/8 193 2 5
2/3/6/9 18 169 13
2/3/7/8 196 0 4
2/3/7/9 19 168 13
2/3/8/9 18 169 13
2/4/5/6 190 5 5
2/4/5/7 190 5 5
2/4/5/8 190 5 5
2/4/5/9 193 4 3
2/4/6/7 200 0 0
2/4/6/8 200 0 0
2/4/6/9 192 4 4
2/4/7/8 200 0 0
2/4/7/9 192 4 4
2/4/8/9 192 4 4
2/5/6/7 191 5 4
2/5/6/8 193 3 4
2/5/6/9 60 94 46
2/5/7/8 196 1 3
2/5/7/9 61 94 45
2/5/8/9 58 96 46
2/6/7/8 143 28 29
2/6/7/9 5 4 191
2/6/8/9 2 5 193
2/7/8/9 0 4 196
3/4/5/6 51 91 58
3/4/5/7 50 91 59
3/4/5/8 51 93 56
3/4/5/9 21 9 170
3/4/6/7 191 4 5
3/4/6/8 193 5 2
3/4/6/9 19 12 169
3/4/7/8 196 4 0
3/4/7/9 20 12 168
3/4/8/9 19 12 169
3/5/6/7 194 2 4
3/5/6/8 197 2 1
3/5/6/9 18 17 165
3/5/7/8 197 3 0
3/5/7/9 19 17 164
3/5/8/9 18 17 165
3/6/7/8 143 28 29
3/6/7/9 1 0 199
3/6/8/9 0 0 200
3/7/8/9 0 1 199
4/5/6/7 191 5 4
4/5/6/8 193 3 4
4/5/6/9 60 96 44
4/5/7/8 196 1 3
4/5/7/9 61 96 43
4/5/8/9 58 98 44
4/6/7/8 143 28 29
4/6/7/9 5 4 191
4/6/8/9 2 5 193
4/7/8/9 0 4 196
5/6/7/8 143 28 29
5/6/7/9 4 2 194
5/6/8/9 1 2 197
5/7/8/9 0 3 197
6/7/8/9 29 28 143
